45
12
78
34
99
23
87
56
12
67
89
90
11
54
32
76
88
92
15
39
41
73
84
95
62
28
44
53
68
71
82
97
100
3
6
9
14
17
21
25
29
31
35
38
42
46
49
52
55
59
61
64
66
69
72
74
77
79
81
83
85
86
91
93
94
96
98
101
102
103
104
105
110
115
120
125
130
135
140
145
150
155
160
165
170
175
180
185
190
195
200
210
220
230
240
250
260
270
280
290
300
15
28
39
52
64
73
84
95
105
115
125
135
145
155
165
175
185
195
205
215
225
235
245
255
265
275
285
295
305
315
325
335
345
355
365
375
385
395
405
415
425
435
445
455
465
475
485
495
505
515
525
535
545
555
565
575
585
595
605
615
625
635
645
655
665
675
685
695
705
715
725
735
745
755
765
775
785
795
805
815
825
835
845
855
865
875
885
895
905
915
925
935
945
955
965
975
985
995
1000
